173.972 33.6839 -5.81775
172.488 38.9998 -3.37576
172.303 43.1428 -0.878809
172.609 47.054 1.54825
171.954 50.2202 3.54127
170.845 53.6271 5.39428
170.897 56.9429 7.31702
170.296 60.2644 9.30214
169.425 62.9002 10.7036
168.547 65.8183 12.5897
167.568 68.9072 14.408
165.939 71.8806 16.1056
165.194 74.3211 17.8325
164.466 77.2051 19.5114
163.222 79.4781 20.8773
161.968 81.9183 22.3725
160.795 84.3307 23.9758
159.734 86.3529 25.5913
158.259 88.9954 26.9961
156.895 90.7563 28.5213
154.752 93.3746 29.8887
153.852 94.7737 30.8809
153.698 96.1315 31.1988
151.659 98.3901 31.2161
149.858 99.7804 29.6267
149.489 100.371 28.1728
147.779 103.513 25.4248
146.485 105.678 22.349
145.864 106.144 19.0393
144.605 107.616 15.5407
144.119 109.283 11.2111
143.461 111.278 6.75939
142.907 113.198 2.35662
142.661 115.373 -2.52294
142.703 117.596 -6.9777
142.486 119.875 -12.0553
142.737 122.293 -17.1144
143.171 124.735 -22.0542
143.586 127.01 -26.9671
144.127 129.513 -30.8468
145.185 131.65 -35.532
145.909 133.481 -39.9475
147.772 135.893 -43.8821
149.223 138.387 -48.1809
150.424 140.685 -52.2879
152.485 142.39 -56.4749
154.826 144.926 -60.738
158.567 147.234 -65.1549
161.206 149.593 -69.5662
164.641 151.104 -73.524
166.918 152.859 -77.3883
172.255 155.266 -82.2345
176.034 156.437 -85.8572
180.603 156.205 -90.1076
185.25 157.567 -93.6329
190.109 158.023 -97.3593
195.526 157.903 -101.716
200.286 157.967 -104.925
205.655 156.837 -109.281
210.294 156.154 -112.369
215.999 153.514 -117.196
221.453 151.556 -120.306
226.258 150.712 -124.124
230.541 148.821 -127.259
236.643 145.173 -131.392
241.884 140.899 -134.484
246.744 136.531 -137.87
250.426 133.266 -141.372
253.942 130.954 -144.05
259.096 126.519 -146.811
263.643 121.667 -150.078
267.528 116.521 -152.966
272.587 110.193 -156.209
275.902 104.227 -159.424
281.135 98.3295 -161.892
283.25 90.7925 -165.292
283.784 83.5077 -168.225
286.878 75.5808 -171.326
