175.978 33.027 -0.0267202
173.44 32.9899 -0.0509551
170.907 32.8922 -0.0758573
168.38 32.7317 -0.100934
165.858 32.5075 -0.125901
163.345 32.2203 -0.150878
160.841 31.8703 -0.175915
158.348 31.4575 -0.200986
155.868 30.982 -0.225923
153.4 30.4448 -0.251682
150.95 29.8437 -0.276699
148.518 29.181 -0.301741
146.104 28.4572 -0.326718
143.704 27.6732 -0.35424
141.342 26.8227 -0.376787
138.994 25.9186 -0.401679
136.669 24.9539 -0.426048
134.371 23.9341 -0.451025
132.1 22.8557 -0.475728
129.86 21.7227 -0.501054
127.65 20.5317 -0.526076
125.471 19.285 -0.551043
123.326 17.9832 -0.576104
121.215 16.6278 -0.601111
119.14 15.2186 -0.625949
117.103 13.7579 -0.65106
115.104 12.2453 -0.676097
113.144 10.682 -0.701049
111.225 9.06963 -0.726116
109.349 7.40854 -0.751028
107.516 5.70035 -0.776035
105.727 3.94543 -0.801097
103.984 2.14531 -0.826093
102.288 0.30095 -0.851105
100.638 -1.58775 -0.876824
99.0392 -3.51799 -0.901801
97.4903 -5.48884 -0.926848
95.9921 -7.49934 -0.95187
94.546 -9.54743 -0.976862
93.1522 -11.6326 -1.00183
91.8118 -13.7533 -1.02684
90.5257 -15.9083 -1.0519
89.295 -18.0959 -1.07692
88.12 -20.315 -1.10184
87.0015 -22.5642 -1.12684
85.9402 -24.8423 -1.15191
84.937 -27.1475 -1.17691
83.9925 -29.4781 -1.20175
83.1068 -31.8334 -1.22686
82.2809 -34.2119 -1.25178
81.5153 -36.6113 -1.27689
80.8106 -39.0309 -1.30189
80.1654 -41.4715 -1.32614
79.5817 -43.9254 -1.35116
79.0597 -46.3953 -1.37618
78.6001 -48.8787 -1.40117
78.2035 -51.3765 -1.42686
77.8698 -53.8859 -1.45124
77.5993 -56.404 -1.47698
77.3928 -58.9324 -1.50201
77.2491 -61.4643 -1.52642
77.168 -64.003 -1.55139
77.1514 -66.5417 -1.57711
77.1984 -69.0819 -1.60147
